143
173
228
257
422
432
659
711
781
818
1013
1120
1160
1263
1296
1519
1594
1627
1655
1834
1903
2079
2119
2170
2200
2245
2350
2551
2671
2745
2820
3269
3558
3725
3817
3920
4024
4226
4263
4319
4384
4445
4465
4489
4522
4577
4719
4727
4733
4939
5000
5049
5213
5599
5932
6037
6044
6062
6200
6230
6405
6421
6463
6524
6640
6714
6726
6924
6938
6989
7078
7133
7842
7993
8155
8159
8233
8244
8326
8350
8400
8500
8542
8630
8636
8740
8760
8779
8919
8943
8982
8985
9080
9274
9326
9425
9465
9538
9633
9674
9693
9859
9928
9932
10010
10064
10250
10283
10539
10700
10790
10854
10920
11053
11402
11503
11532
11600
11617
11620
11658
11666
11689
11704
11742
11812
11835
12119
12143
12212
12293
12422
12487
12519
12685
12753
13004
13348
13349
13378
13580
13593
13760
13777
13801
13813
14244
14617
14719
14765
14800
14876
14878
15065
15132
15139
15289
15317
15388
15487
15731
15896
16188
16333
16376
16466
16470
16656
16728
16891
16973
17018
17272
17434
17529
17558
17586
17690
17707
17791
17882
17911
17918
17992
18286
18345
18395
18501
18503
18529
18956
18995
19178
19192
19441
19468
19490
19493
19823
19947
20120
20149
20175
20281
20298
20357
20673
20891
20961
21042
21073
21076
21155
21231
21265
21566
21650
21964
22074
22123
22145
22448
22678
22719
22899
22962
23157
23222
23249
23315
23324
23330
23432
23566
23633
23644
23645
23736
23744
23893
24002
24263
24318
24383
24493
24549
24732
24752
24771
24797
24863
24883
25059
25193
25297
25312
25377
25458
25494
25530
25741
25982
26264
26296
26523
26696
26761
26826
27027
27109
27268
27338
27381
27450
27510
27554
27808
27902
28059
28134
28441
28466
28522
28613
28675
28709
28746
28821
28834
28895
29148
29162
29189
29256
29330
29430
29453
29539
29579
29593
29728
29848
29927
29974
29993
30038
30147
30205
30439
30575
30697
30834
30920
31088
31090
31093
31101
31109
31237
31310
31708
31714
31808
32033
32233
32294
32744
32845
32880
32935
32951
33007
33090
33108
33275
33296
33333
33453
33521
33879
33929
33997
34011
34335
34705
34737
34747
34762
34813
34852
34879
34907
35080
35137
35348
35515
35541
35666
35678
35890
36192
36196
36307
36374
36759
36774
36778
37172
37336
37657
37680
37833
37967
38015
38291
38342
38417
38986
39102
39113
39162
39175
39265
39611
39717
39736
39775
39820
39852
39891
40056
40079
40102
40144
40172
40287
40329
40371
40385
40388
40395
40432
40759
40787
40870
40879
41248
41275
41323
41400
41558
41559
41721
41780
41909
42247
42304
42355
42362
42629
42682
42931
43058
43145
43296
43358
43378
43940
43964
44055
44077
44120
44328
44486
44521
44538
44593
44605
44607
44687
44739
44749
44863
44953
45042
45088
45248
45276
45349
45548
45673
45688
45782
45804
45873
45883
46132
46154
46272
46331
46335
46415
46475
46477
46483
46500
46535
46580
46775
46794
46929
46971
47070
47171
47217
47243
47260
47421
47424
47546
47567
47578
47658
47726
47747
47812
47854
47893
47902
48028
48123
48157
48183
48234
48267
48367
48404
48879
48962
49008
49720
49880
49898
50004
50026
50028
50301
50359
50371
50561
50617
50734
50910
50982
51047
51138
51363
51391
51471
51525
51582
51669
51671
51787
51896
51978
52208
52233
52356
52428
52510
52572
52696
52732
52832
52854
52996
53088
53123
53152
53318
53392
53485
53512
53600
53750
53932
53966
54235
54270
54387
54423
54535
54579
54669
54682
54941
55048
55108
55175
55356
55385
55450
55462
55570
55689
55713
55724
55896
56079
56095
56254
56403
56551
56875
56898
56901
57236
57304
57314
57369
57517
57594
57683
57690
57784
57829
57899
57943
57957
58015
58068
58403
58467
58504
58627
58650
58760
58831
58948
58987
59106
59217
59278
59311
59420
59633
59729
60649
60677
60779
60780
60829
61070
61272
61337
61351
61436
61572
61595
61653
61666
61799
61812
61851
62028
62038
62136
62214
62235
62547
62579
62615
62854
62946
63047
63149
63184
63231
63285
63396
63434
63482
63579
63598
63859
63978
64239
64281
64399
64532
64542
64567
64760
64887
64909
64958
65059
65103
65190
65230
65293
65465
65796
65803
65812
65830
65906
65927
65975
66070
66073
66198
66224
66245
66269
66284
66439
66621
66687
66785
66947
67194
67469
67535
67590
67598
67679
67774
67789
67831
67837
67888
67908
67939
68144
68163
68186
68302
68465
68530
68545
68685
68765
68909
68950
69003
69203
69423
69470
69504
69565
69663
69775
69857
70055
70100
70334
70389
70401
70854
70940
71092
71248
71257
71264
71381
71398
71590
71629
71769
71887
71983
72099
72274
72294
72382
72540
72602
72746
72766
72791
72794
72831
73055
73081
73087
73338
73563
73853
74019
74162
74251
74565
74587
74668
74921
75000
75186
75394
75552
75880
76048
76058
76063
76082
76140
76152
76208
76239
76251
76293
76323
76479
76724
76802
77002
77052
77224
77260
77413
77417
77490
77501
77533
77660
77729
77756
77798
77867
78521
78572
78808
78841
78995
79126
79273
79388
79407
79430
79475
79487
79741
79946
79997
80111
80396
80416
80422
80452
80473
80503
80560
80569
80719
80768
80800
81138
81141
81243
81456
81516
81632
81637
81675
81726
81739
81873
81918
82028
82096
82135
82147
82202
82368
82506
82550
82598
82604
82687
82694
82911
82971
83207
83335
83397
83480
83492
83534
83901
84040
84228
84284
84329
84742
84818
84844
84901
84910
84934
84984
85088
85094
85103
85498
85737
85849
85866
85952
86067
86136
86484
86529
86745
86907
86953
87219
87378
87444
87582
87755
87776
87879
88032
88042
88061
88153
88289
88339
88344
88531
88734
88741
88848
88893
89149
89475
89605
89796
89834
90070
90106
90139
90158
90267
90353
90491
90563
90575
90634
90692
90694
90699
90840
90957
91063
91285
91408
91409
91500
91512
91672
91864
92103
92159
92253
92761
93252
93444
93450
93533
93794
93898
93919
93955
94101
94400
94411
94735
94787
94831
95017
95102
95125
95134
95237
95509
95592
95834
95976
96155
96197
96332
96417
96449
96460
96487
96561
96754
96867
96932
97057
97283
97300
97336
97412
97507
97591
97636
97646
97652
97861
97870
98054
98246
98317
98396
98437
98628
98777
98794
98859
98925
98983
99024
99284
99310
99410
99432
99442
99479
99559
99563
99575
99634
99654
99711
99731
99823
99975
