93
88
137
21
6
3
43
66
1
29
129
40
3
17
21
107
26
22
8
1
25
25
76
10
5
27
35
7
33
67
33
79
2
44
10
8
105
2
130
33
31
27
5
27
6
29
87
109
50
28
77
20
127
128
77
17
33
8
107
225
150
3
14
248
19
64
14
14
51
9
4
99
34
130
95
22
10
3
13
32
51
24
70
10
33
21
7
38
16
21
41
24
17
23
31
74
36
13
20
9
16
14
4
62
59
48
14
4
3
46
27
50
41
135
4
36
102
17
35
131
11
41
49
11
61
11
18
34
27
69
13
13
20
19
66
29
108
49
11
19
15
3
11
7
5
23
60
4
107
25
25
108
22
4
28
48
43
47
35
5
12
13
15
35
86
160
5
120
39
15
142
20
42
4
213
12
8
1
229
38
28
246
30
187
19
8
72
236
9
50
25
9
55
62
39
19
13
184
120
10
10
14
41
7
31
37
73
14
32
53
29
42
77
71
119
131
114
86
70
21
45
15
26
90
79
65
3
2
176
84
40
29
17
22
7
2
46
103
6
33
219
7
116
68
1
27
42
69
52
15
26
43
10
8
7
109
124
197
31
52
108
36
25
69
42
16
127
98
17
160
105
134
140
53
55
111
259
27
22
77
48
49
11
14
138
3
6
3
56
22
9
31
5
17
13
41
37
26
81
1
2
54
18
78
16
49
19
116
82
51
32
2
46
29
31
198
53
233
15
8
7
3
35
59
23
35
163
31
63
28
78
47
92
34
97
89
47
68
36
45
90
14
2
26
138
58
49
7
55
20
248
13
47
35
6
127
21
15
3
49
53
57
34
17
22
45
14
163
12
18
89
45
26
107
18
41
124
25
50
4
55
10
104
44
80
18
69
38
16
66
11
8
12
119
83
64
26
64
1
30
5
43
108
41
141
34
33
15
24
53
69
172
175
17
68
6
13
62
9
18
69
31
90
5
13
48
17
27
44
85
50
30
8
2
28
64
122
24
29
44
10
7
29
78
16
59
248
80
137
74
17
30
20
187
44
21
61
116
1
50
33
15
23
134
5
39
151
65
36
44
13
39
6
3
79
7
4
64
136
19
77
10
188
51
12
99
13
4
8
44
55
38
118
86
10
6
166
1
5
12
26
29
41
25
10
18
40
32
19
28
17
197
13
15
61
19
133
11
20
21
26
294
59
25
86
23
84
30
1
53
20
55
7
86
11
12
30
25
29
121
14
99
43
56
27
22
16
3
9
42
42
6
49
190
22
52
4
23
2
4
140
19
104
182
51
12
135
169
71
22
12
13
4
49
30
37
69
139
63
16
91
41
4
18
62
1
55
4
35
73
28
79
53
112
71
305
89
72
13
109
49
63
25
33
6
8
15
19
32
3
19
37
1
13
22
3
154
53
51
24
39
37
42
81
11
45
36
68
48
114
28
98
48
4
38
106
56
35
5
18
60
25
5
70
11
15
58
133
14
114
77
89
16
41
76
29
112
13
5
18
6
62
24
12
54
15
16
33
61
25
3
38
3
99
18
28
23
5
19
109
76
89
23
39
72
155
91
86
11
109
15
2
117
59
85
67
35
20
14
19
106
20
104
13
85
21
63
21
15
5
78
130
85
67
24
40
12
10
81
35
128
20
33
5
47
15
55
61
33
71
164
229
171
15
76
28
32
19
6
60
117
9
27
85
126
10
53
36
72
30
15
47
20
58
50
8
34
15
10
31
26
33
40
30
23
53
57
108
2
14
30
27
43
77
1
33
94
58
26
31
2
1
45
77
28
25
124
65
25
80
51
8
23
44
7
89
117
59
40
22
25
38
48
43
20
39
28
211
3
5
171
11
125
81
20
154
41
59
15
37
37
4
163
44
50
8
133
38
20
194
37
97
3
7
129
42
24
158
1
8
72
34
12
15
36
72
11
15
134
36
60
50
90
5
1
22
26
61
63
47
60
53
60
72
13
4
57
27
115
65
202
124
36
27
14
16
29
41
5
39
60
20
91
32
18
99
33
210
17
8
12
21
16
148
12
13
1
184
3
18
211
78
15
52
48
21
15
73
20
31
66
65
2
47
18
2
27
2
38
52
18
3
87
34
17
70
3
45
71
61
80
54
110
46
21
153
65
10
92
88
83
6
91
140
99
32
69
59
20
110
19
57
64
63
12
9
39
39
65
192
38
60
80
63
12
43
53
26
17
32
21
8
52
261
10
73
3
11
27
43
22
15
103
46
66
13
13
8
51
41
63
80
15
21
244
11
76
20
27
3
