00100011001010101001011010001101
00010011011111001110001100011100
10000011101001100111101000001111
11010001111111100001000000001000
01000001101100010000011101000100
01011000000100010110100001000110
11010001000111011100010010010110
10001001001101110001001010001100
00100101011101000100101101000000
10010111001100010011001100000010
01101011100001001101111000001001
11000011000100111101110000101000
01000000001010000110110000101000
01111000001010000111111000101000
10100000001010001011110000101000
11011100001010001110111000101001
00111000001010010100011000101001
01110000001010011010000000101001
11101100001010011111111000101010
00010000001010100010100000101010
01101000001010101110100000101010
11110110001010110011010000101011
00111000001010110100011000101011
01001100001010110101111000101100
00010100000101100001011010001011
00101011010001011001100110100010
11001101010000010110011111101000
10110101010010000101101010110110
00101101011101100001011011000001
00001011011000001100010110110001
10000010110111011101000101101111
00001000101101111010100001011011
11101110001011100000101000010111
00001111000010111001000011000101
11010001100000101110100011010001
01110100100010001011101010101000
01011101010111000010111010110111
00010111010111011000101110110011
01000101110110100010001011101101
11010001011101111000100010111100
01101100010111101010111000101111
01011000000101111011000000001011
11011011000001011111000110000010
11111001001000010111110011011000
10111110101010000101111101011100
00101111101110000001011111011111
10001011111110010000010111111111
10100011000000000001000011000000
00010000001100000001001100001100
00001101111000110000010110101000
11000001100000000011000001101001
10001100001000000010001100001000
01100000110000100011000000110000
10001111100011000010010010100011
00001010001000001100001010100000
00110000101011010000110000101011
01100011000011011110100011000011
10010110001100001110100010001100
00111100100000110000111100111000
11000011110111100011000100011011
00001100010001111100001100010010
00110000110001001100000000110001
00110001100011000100111010100011
00010011111100001100010101000010
00110001011000010000110001011011
01000011000101110010100011000101
11011110001100010111101100001100
01100101010000110001101000010000
11000110100100100011000110110000
00001100011011010010001100011100
01100000110001110100011000110001
11010111000011000111011011100011
00011110111110001100011111000000
00110001111101111000110010000001
10100011001000001010000011001000
01000110001100100001111010001100
10001001110000110010001100111000
11001001000010100011001001001100
00001100100100111110001100100101
11101000110010011011101000110010
01110110100011001001110111100011
00101000000100001100101000011100
00110010100110011000110010100111
00000011001010100100000011001010
10110010001100101010111000001100
10101101000000110010101110111000
11001011000110100011001011001010
10001100101101001000001100101101
10000000110010110110111000110010
11100000100011001011101010000011
00101111001110001100101111010100
00110011000000000000110011000000
10100011001100010011100011001100
01010110001100110001111010001100
11001001110000110011001101111000
11001101001100000011001101011111
10001100110110010100001100110111
00000000110011011100110000110011
10010000000011001110010001100011
00111001001100001100111001100100
00110011100110100000110011100110
10100011001110011110100011001110
10100010001100111010101110001100
11101100110000110011101101010000
11001111000011100011001111001100
00001100111101001010001100111101
10010000110011111011110000110100
00000111010001101000001000000000
11010000010011100001101000001011
00100011010000010111000001101000
00110001100011010000011010110001
10100001000101000011010000100111
01000110100001001111000011010000
10011111000110100001010111100011
01000011101011000110100001110110
00001101000011101101000110100001
11101000001101000011111110000110
10001000001010001101000100010100
00011010001001110010001101000101
00100000011010001010111000001101
00010111110100011010001100001100
00110100011000110100011010001100
10111000110100011001110100011010
00110100111000110100011101101000
01101001000010100000110100100001
01010001101001010101011000110100
10110110000001101001100001110000
11010011000101010001101001100100
10100011010011001001100001101001
10100110000011010011010110100001
10100110111101000011010011011111
11000110100111000101100011010011
10110000000110100111011010000011
01001111000001000110100111100001
10001101001111001110000110100111
10100000001101001111011010000110
10100000000000001101010000000001
00011010100000101110001101010000
01100000011010100000110010001101
01000010010100011010100010000110
00110101000100100100011010100010
10011000110101000110110000011010
10001101110000110101001000100000
01101010010001011000110101001001
10010001101010010110010000110101
00101110010001101010011000001000
11010100111000100001101010100001
11000011010101000100100001101010
10101110000011010101011010100001
10101010111001000011010101100000
10000110101011000111100011010101
10111000000110101011101111100011
01011000101000000110101100010110
00001101011000110111000110101100
01110000001101011000111100000110
10110010001000001101011001110100
00011010110011111110001101011010
10000000011010110101010100001101
01101011011100011010110111001010
00110101101110011000011010110111
00111000110101110000011000011010
11100110111000110101110100011000
01101011101001001000110101110100
11110001101011101010001000110101
11011000010001101011101101011000
11010111101010010001101011111000
11000011010111110101000001101011
11111111100011011000000110000001
10110000001110100011011000010110
10000110110000110001100011011000
01101010000110110000111010100011
01100001111011000110110001000010
00001101100010001000000110110001
00100100001101100010101101000110
11000110001100001101100011001000
00011011000110100100001101100011
10001000011011000111010100001101
10001110110100011011000111101000
00110110010000001100011011001000
11100000110110010001111000011011
00100100000000110110010101001100
01101100101010111000110110010110
11010001101100101111101000110110
01101110000001101100111010011000
11011001110101000001101100111100
01000011011001111111000001101101
00001110000011011010001000000001
10110100011100100011011010011000
11000110110100110011000011011010
01101110000110110100111011000011
01101010100101000110110101010011
00001101101010110010000110110101
01111100001101101011000100000110
11010111000100001101101011100100
00011011011000010010001101101100
01111000011011011001111110001101
10110100111000011011011010101000
00110110110110000000011011011011
01010000110110111010001100011011
01110110101000110110111110010000
01101101111101111000110110111111
00010001101110000000110000110111
00000010010001101110000010101000
11011100000101110001101110000011
10000011011100001110010001101110
00011110000011011100010110000001
10111001011000000011011100110000
11000110111001100011100011011100
11001110000110111001101000000011
01110011100111000110111001111010
00001101110100100011000110111010
01110000001101110100111110000110
11101001111110001101110101000011
00011011101011100100001101110101
11100000011011101100001000001101
11011010001000011011101110000010
00110111011101100100011011101111
00111000110111100001000000011011
11001000011000110111100100101000
01101111001001101000110111100101
11010001101111001011111000110111
10100000010001101111010011000000
11011110101011110001101111010111
00000011011110111010100001101111
01111010100011011110111110110001
10111110011010000011011111011100
10000110111110111110000011011111
10000110000110111111001101100011
01111110011101000110111111101001
10001101111111011000000110111111
11000100001101111111100110000110
11111111011010001101111111110011
00011100000000010111000111000000
00101000000111000000001010110001
11000000001011110001110000000011
01100001110000000101100000011100
00000110011100011100000010011010
00011100000011100010000111000000
11101010000111000001000000110001
11000001001001010001110000010010
11110001110000010011101100011100
00010100010000011100000101000101
00011100000101001001000111000001
01001100000111000001011001000001
11000001101111010001110000011100
01100001110000011100110100011100
00011101100100011100000111100000
00011100000111101101000111000001
11110000000111000010000000010001
11000010000101000001110000100010
01000001110000100011011100011100
00100101001100011100001001010100
00011100001001011101000111000010
01100110000111000010011101000001
11000010110100110001110000101101
01000001110000101111100000011100
00101111101000011100001100011110
00011100001101100001000111000011
01101110000111000011100000110001
11000011100101100001110000111011
00110001110000111101111000011100
00111110000000011100001111101110
00011100001111110100000111000011
11111111000111000100000001010001
11000100000001110001110001000011
00110001110001000101010100011100
01001000000000011100010010000111
00011100010010110100000111000100
11010100000111000101000000000001
11000101000000010001110001010000
10010001110001010000111100011100
01010001011000011100010100100111
00011100010100110000000111000101
01000100000111000101010100010001
11000101011101110001110001011010
11000001110001011011000000011100
01011011011000011100010110110111
00011100010110111101000111000101
11011101000111000101111000000001
11000110000000110001110001100000
11100001110001100001000000011100
01100001001100011100011000100101
00011100011000110111000111000110
00111101000111000110010000010001
11000110010010100001110001100111
00010001110001101010100100011100
01101101110000011100011011101100
00011100011011111110000111000111
00100101000111000111001100100001
11000111001110000001110001110101
00110001110001110101011100011100
01110110000100011100011110000010
00011100011111001111000111000111
11010101000111000111111001010001
11000111111011000001110001111110
11110001110001111111001100011100
10000001110000011100100000100101
00011100100000110101000111001000
00111100000111001000100001100001
11001000100001110001110010001011
11010001110010001101000000011100
10001101111000011100100011101001
00011100100011111001000111001001
00000001000111001001001100010001
11001001001100110001110010010101
10100001110010010111000000011100
10011000011000011100100110100110
00011100100111000111000111001001
11011101000111001001110111100001
11001001111110100001110010100000
01100001110010100000110000011100
10100001100000011100101000011100
00011100101000110100000111001010
01000010000111001010011100110001
11001010100010100001110010101001
00100001110010101010010000011100
10101101100000011100101100010111
00011100101100011000000111001011
00100110000111001011001010010001
11001011010001110001110010110100
10000001110010110111111000011100
10111001100100011100101110011101
00011100101110100000000111001011
10101101000111001011101110010001
11001011111010100001110011000000
11010001110011000000111100011100
11000001001100011100110000110010
00011100110001000101000111001100
01001100000111001100010110000001
11001100010111000001110011000111
00110001110011001000101000011100
11001000110100011100110010100110
00011100110010101110000111001100
11010001000111001100111101100001
11001100111101110001110011001111
10010001110011010000010100011100
11010000111000011100110100100100
00011100110100111010000111001101
01000011000111001101010110100001
11001101101100100001110011011011
10110001110011011100101100011100
11100000000100011100111000010100
00011100111000100110000111001110
00101110000111001110001111110001
11001110010000110001110011100100
01110001110011101000110000011100
11101001110100011100111010100110
00011100111011010010000111001110
11101001000111001110111101100001
11001111000000100001110011110000
01000001110011110000010100011100
11110001100000011100111100101001
00011100111100110001000111001111
00110110000111001111001110100001
11001111001111100001110011110111
10110001110011111000001100011100
11111001101100011100111110100110
00011100111110101001000111001111
10111011000111010000000000000001
11010000001010110001110100000011
00000001110100000100100100011101
00000101001000011101000001011100
00011101000001111111000111010000
11001100000111010000111010010001
11010000111011110001110100010000
10110001110100010011111000011101
00010100110100011101000101010101
00011101000101100110000111010001
10000100000111010001100010100001
11010001101000010001110100011010
01110001110100011011000100011101
00011110000000011101000111110111
00011101000111111101000111010010
00000111000111010010000101100001
11010010001011010001110100100011
10100001110100100100000000011101
00100101100000011101001001100101
00011101001001101000000111010010
10010100000111010010110011100001
11010010111010000001110100101111
10110001110100110001011000011101
00110001110100011101001100110000
00011101001100110100000111010011
00111010000111010011010001110001
11010011010010000001110100111000
10100001110100111010100100011101
00111011100100011101001110111101
00011101001111100111000111010011
11110001000111010011111110100001
11010100000101000001110101000010
10010001110101000100110100011101
01001000000100011101010010010010
00011101010010010100000111010100
10101000000111010100101010100001
11010100101110100001110101001011
11000001110101001110110000011101
01010010000100011101010100100010
00011101010100101011000111010101
00111111000111010101010000010001
11010101010001100001110101010101
00000001110101010110101000011101
01011000110000011101010110001110
00011101010110010010000111010101
10011001000111010101111001000001
11010101111010100001110101011111
00010001110101011111101000011101
01011111101100011101010111111111
00011101011000000100000111010110
00011110000111010110001100010001
11010110011010100001110101101000
00110001110101101000010000011101
01101000011000011101011010001011
00011101011010010010000111010110
10101001000111010110101010110001
11010110101111100001110101110010
00000001110101110010000100011101
01110010100000011101011100101010
00011101011100101110000111010111
00110000000111010111001110100001
11010111001111000001110101110100
10100001110101110110101000011101
01110110101100011101011110001001
00011101011110010111000111010111
10101011000111010111101011000001
11010111101101000001110101111011
01100001110101111011100000011101
01111011110100011101011111000011
00011101011111001101000111010111
11010111000111010111111011100001
11011000000111000001110110000010
00000001110110000011010100011101
10000100000000011101100001000011
00011101100001100101000111011000
01101000000111011000011100010001
11011000100001010001110110010011
00100001110110010011110100011101
10010011111100011101100101011100
00011101100101111011000111011001
10000101000111011001101001010001
11011001111001110001110110011110
10000001110110100001000100011101
10100001100000011101101000111111
00011101101001010101000111011010
01101110000111011010011110100001
11011010011111010001110110101010
00010001110110101011101100011101
10101100001100011101101011000111
00011101101011010101000111011010
11011001000111011010110111010001
11011011000001000001110110110000
11000001110110110011111100011101
10110100111100011101101101011001
00011101101101011111000111011011
01100100000111011011011010010001
11011011011100100001110110111000
10110001110110111101100000011101
11000001000000011101110000011000
00011101110000100100000111011100
01000001000111011100010111100001
11011100011111100001110111001000
01000001110111001000111000011101
11001011100100011101110011010100
00011101110011101011000111011101
00010100000111011101001010100001
11011101001100010001110111010011
01000001110111010011011000011101
11010110100100011101110101101100
00011101110101101110000111011101
10001101000111011101101000000001
11011101111001110001110111011111
11000001110111100001011000011101
11100101100100011101111001011011
00011101111001101000000111011110
01101110000111011110101010100001
11011110110010110001110111101110
10110001110111101110110100011101
11101110111000011101111011110110
00011101111100011001000111011111
00100000000111011111001111000001
11011111010010100001110111110110
10110001110111110111001000011101
11111001101100011101111110100000
00011101111110100001000111011111
11000010000111011111110011100001
11011111111000000001110111111111
01100001110111111111111000011110
00000001001100001111000000001101
10000111100000001000000000111100
00000100000100011110000000101110
10001111000000011000110001111000
00001100110000111100000010001010
00011110000001010100100011110000
00101101100001111000000110001100
00111100000011001100000111100000
10000010000011110000010000101100
01111000001001011000001111000001
01000100000111100000101100000000
11110000010110101100011110000011
00000010001111000001100100000001
11100000110011001000111100000110
01111000011110000011011110000011
11000001110100100001111000001111
10010000111100001000001000000111
10000100001000100011110000100001
01010001111000010001100010001111
00001000110010000111100001010110
10100011110000101011011000011110
00010110010010001111000010110010
10000111100001011010101000111100
00110000111000011110000110001000
00001111000011001000000001111000
01100111000000111100001101001111
00011110000110111100000011110000
11100110110001111000011100111000
00111100001110101000000111100001
11011100100011110000111011111000
01111000011110000000001111000100
00011000000111100010000100101000
11110001000011010100011110001000
10110010001111000100010111000001
11100010001011101000111100010001
11111100011110001001001001000011
11000100100111110001111000100101
10011000111100010010111001000111
10001001100010100011110001001111
01100001111000101000011000001111
00010100010110000111100010100101
11000011110001011000111100011110
00101101101000001111000101101110
11000111100010111001001000111100
01011111000000011110001011111001
00001111000110001001110001111000
11001001111000111100011001011001
00011110001100101110000011110001
10100000010001111000110100110100
00111100011010101011000111100011
01011100100011110001101100011100
01111000111000001010001111000111
00010100000111100011100011010000
11110001110010001100011110001110
01001110001111000111001011010001
11100011101001011000111100011101
00111100011110001110110100000011
11000111011011000001111000111011
10111000111100011101111110000111
10001111000101100011110001111000
11000001111000111100110110001111
00011111101001000111100011111101
01100011110001111110111000011110
00111111110000001111001000000111
10000111100100000110100000111100
10000100100100011110010000101001
00001111001000011100100001111001
00010011010000111100100010011100
00011110010001001111100011110010
00101001010001111001000101110100
00111100100011001111000111100100
01101010000011110010001110001000
01111001000111000110001111001000
11100110000111100100011101100000
11110010010000010100011110010010
00001100001111001001001010100001
11100100101010101000111100100101
10001000011110010010110111100011
11001001011111000001111001001100
00110000111100100110101110000111
10010011101010000011110010011110
11110001111001001111101110001111
00100111111000000111100100111111
11100011110010100010010000011110
01010001100000001111001010011011
11000111100101001111101000111100
10101000000000011110010101100011
00001111001010110110110001111001
01011110101000111100101011111100
00011110010110001110100011110010
11011010000001111001011011011010
00111100101101110101000111100101
10111011000011110010111000010100
01111001011100011010001111001011
10011110000111100101110110000000
11110010111101001000011110010111
11000000001111001011111001110001
11100101111101000000111100110000
10000100011110011000010100100011
11001100001110110001111001100010
00011000111100110001010011000111
10011000110000100011110011001001
00010001111001100101011000001111
00110011001110000111100110011011
01100011110011001111011100011110
01100111110000001111001101000000
11000111100110100000100000111100
11010000101000011110011010001010
00001111001101001000000001111001
10100101000000111100110100110100
00011110011010101101000011110011
01010111010001111001101011010110
00111100110101101110000111100110
11001100100011110011011011110000
01111001101110011100001111001101
11011011000111100110111101001000
11110011100000100000011110011100
00100000001111001110000101100000
