105
246
490
591
613
900
1036
1050
1099
1136
1137
1147
1212
1335
1378
1473
1771
1855
2123
2269
2463
2604
2672
3071
3123
3218
3330
3350
3870
3888
3892
3961
4056
4145
4186
4289
4533
4589
4596
4753
4756
4766
4791
4917
5285
5308
5413
5541
5663
5943
6401
6417
6526
6717
6753
6844
7207
7369
7374
7446
7620
7747
7828
7854
7954
8084
8122
8143
8146
8205
8277
8281
8368
8375
8532
8799
8927
9097
9163
9226
9332
9489
9647
9722
9920
9943
10165
10241
10388
10404
10562
10617
10748
11112
11271
11400
11412
11498
11544
11632
11817
11845
12013
12030
12067
12076
12234
12382
12659
12743
12982
13030
13088
13156
13340
13452
13537
13672
13786
13819
13882
14175
14378
14464
14536
14566
14663
14777
14782
14919
14987
15016
15140
15180
15183
15220
15296
15312
15549
15722
15751
15819
15889
15935
16048
16283
16559
16630
16700
16867
16942
16960
17075
17176
17230
17666
17703
17991
18030
18210
18544
18761
19077
19084
19196
19414
19460
19634
19640
19668
19740
19804
19865
19912
19967
20056
20553
20572
20573
20587
20646
20681
20717
20828
20872
20880
20954
20986
21045
21131
21192
21294
21304
21316
21401
21463
21652
21888
22062
22070
22155
22230
22542
22590
22688
22716
22726
22855
22858
22900
22947
22978
22979
22980
23171
23189
23250
23376
23553
23623
23628
24117
24205
24508
24553
24632
24708
24745
24874
25047
25115
25209
25300
25655
25713
25900
25914
26052
26143
26189
26236
26248
26275
26326
26357
26493
26529
26538
26633
26707
27087
27204
27338
27372
27376
27608
27685
27839
27846
27897
28042
28149
28173
28335
28469
28496
28500
28636
28710
28760
28775
29078
29221
29295
29370
29536
29632
29638
29655
29721
29853
29918
29925
30020
30047
30074
30248
30300
30306
30396
30406
30413
30507
30542
30697
30794
30895
30980
31084
31219
31634
31665
31809
31842
32043
32057
32225
32334
32351
32501
32595
33147
33151
33156
33167
33169
33305
33674
33990
34012
34118
34152
34298
34368
34369
34536
34639
34673
34749
34776
34795
34828
34965
35134
35169
35243
35475
35484
35624
35721
35727
35761
35781
35831
35947
36132
36182
36243
36300
36397
36485
36535
36537
36649
36686
36713
36909
36935
37022
37389
37539
37551
37613
37788
37811
37869
38092
38325
38382
38390
38556
38598
38798
38843
38960
38994
39006
39033
39076
39085
39109
39172
39356
39392
39494
39508
39568
40061
40429
40430
40610
40684
40826
40860
41073
41088
41122
41126
41139
41180
41270
41353
41555
41606
41609
41775
41920
41928
41955
42014
42053
42060
42136
42404
42427
42670
42683
42701
42803
42952
42969
43141
43172
43174
43339
43375
43394
43413
43467
43585
43634
43722
43898
44000
44015
44180
44264
44286
44288
44321
44412
44422
44622
45175
45218
45228
45296
45478
45611
45759
45839
45903
45912
45921
45922
46198
46287
46425
46496
46531
46720
46843
46962
46976
47014
47058
47470
47488
47512
47605
47688
47726
47784
47785
47918
48245
48823
48871
49159
49313
49316
49415
49477
49602
49699
49858
50058
50121
50251
50558
50601
50733
50838
50948
50997
51169
51277
51318
51348
51633
51758
51892
51904
52069
52109
52147
52478
52692
52760
52823
53039
53112
53173
53177
53353
53364
53456
53459
53609
53959
53999
54035
54211
54413
54459
54576
54695
54741
54761
55288
55340
55451
55548
55625
55787
55815
55852
56142
56214
56224
56333
56628
56698
56728
56866
56876
56890
56973
57021
57234
57260
57424
57514
57615
57629
57675
57676
57847
57924
57939
57942
57967
57979
58129
58186
58192
58342
58360
58366
58483
58519
58609
58682
58715
58857
59030
59054
59399
59539
59660
59835
59897
59951
59984
59998
60086
60102
60262
60267
60308
60397
60449
60475
60494
60716
60864
60947
61060
61118
61253
61293
61309
61376
61437
61466
61469
61586
61741
61796
61924
61974
61978
62276
62528
62580
62660
63295
63297
63387
63470
63614
63949
64342
64349
64393
64446
64628
64716
64783
64801
64996
65042
65064
65166
65423
65645
65819
65974
66143
66254
66913
67013
67031
67062
67115
67305
67478
67517
67525
67591
67604
67678
67777
68008
68254
68258
68261
68316
68464
68490
68536
68581
68760
68924
68988
69011
69096
69162
69214
69261
69269
69367
69620
69709
69756
69943
70110
70180
70302
70304
70347
70414
70637
70773
70850
71013
71051
71055
71111
71116
71182
71559
71611
71683
71706
71859
71877
71961
72018
72239
72410
72458
72711
72877
72908
72923
72956
72958
73018
73098
73116
73156
73160
73181
73184
73250
73285
73411
73845
73896
73904
74114
74338
74389
74406
74461
74474
74481
74568
74965
74994
75001
75154
75384
75385
75589
75593
75699
75810
75875
75943
76069
76224
76297
76301
76347
76371
76470
76548
76583
76626
76693
76766
76868
76912
76932
76949
77351
77377
77384
77673
77886
77944
78182
78220
78620
79209
79211
79275
79325
79331
79349
79352
79367
79386
79408
79460
79528
79685
79731
80065
80066
80100
80148
80410
80418
80649
80661
80681
80688
80693
80694
80940
81052
81114
81193
81208
81217
81414
81465
81623
81673
81678
81883
82224
82643
82904
83097
83177
83248
83296
83548
83573
83588
83609
83733
83979
84052
84076
84173
84262
84440
84568
84674
84695
84722
84751
84941
85047
85071
85123
85163
85521
85555
85651
85814
85879
85941
85953
86073
86369
86426
86442
86455
86601
86654
86659
86692
86810
86887
86923
87273
87449
87479
87567
87706
87774
87806
87872
87916
88021
88027
88040
88095
88185
88439
88543
88549
88662
88678
88724
88804
88898
88917
89305
89321
89381
89464
89507
89539
89763
89911
90027
90056
90116
90203
90215
90318
90382
90495
90580
90661
90759
90882
90967
91067
91229
91315
91358
91409
91512
91626
91719
91752
92007
92026
92065
92069
92177
92185
92217
92423
92438
92458
92536
92540
92659
92997
93024
93083
93135
93232
93629
93641
93643
93739
93765
93819
93845
93905
93921
93956
93962
94005
94020
94025
94044
94299
94343
94458
94506
94571
94603
94738
94892
94908
94932
95270
95344
95362
95393
95521
95793
95858
95961
96079
96104
96320
96731
96750
96816
96907
96948
97248
97258
97396
97715
97742
98023
98060
98141
98278
98281
98366
98393
98426
98466
98599
98795
98836
98874
99024
99115
99133
99138
99290
99364
99397
99528
99550
99568
99569
99580
99638
99648
99662
99698
99700
99710
99850
