01001000010011000001001101111010
01010010000101000001001000100101
00000010100100110000000011101001
01010010001011000111100100000011
00100100100001000000001101000101
01000000100011010001001011001001
10110101101100010000100100010101
01000100101000011000100100110001
10010000001000100110101010001010
01101100010010000100100010101010
00100101001001101000001000100101
10010110001011001011100110001000
10101011001000010000101010001010
10100101000000011000001100010000
01000010000011010000101001101010
10101100100000000111101011001011
01101001010110101010001000010011
00101000001100110100111010111000
11010010001011000000010010000101
01001100100010101001000001010001
10001010110110110010110010100000
01001001110000101001011000101010
01001011001010110000010010101000
10011101001011001110001011010110
10100100101001010010000000110001
10001100010011001001000000001101
11001000000100000110011001001100
10011010110100100101010000110010
01110110010001010101010011100101
10001010100000010011010001101000
01000101100010100011001011101101
01001010011010000000100000011000
10100101000101111010100100010110
01000111010110100001100001101010
00110001110001101101001100100100
11000101101101010001000000001011
01000100100100101111000010010010
10100010100101101000000101101001
10110010000010000000001010000010
01100101001010001000101001000010
10010010011000100110100001001001
01001011000001000010101000101011
00011001100100000011010001000110
01001011000000001010010100100101
10000010110010000101010011100110
00011000101001101100100111110001
01100111001010101010010001100000
01001001001010101101010011010101
10100010001010011000111001101100
10010100101100000100001100100000
00001010101001000000100000011011
00010010110001011001000010001000
10010001001000000000010011101000
10001101011010010001000011101001
01101000100101010101010110100001
00110001000101001101010001001001
00101101101000000110011001010101
00010001010000100101111010011011
11010100100000010110000100010110
11100100000011100010001100001101
00101010010001011101010011010101
00110110000001011000010001010000
10100000010000000001101011110111
01010001100000011101000011000011
11110000100101011010001100010110
00100000100000001000010001010101
00001101100100001011001010001001
00111010001010101100000011001001
01010101000001011100011011001010
10000010001100100101100110011101
01000010011001101010011000000110
10101010001001001010101100101010
01010010010101000101010101001001
10000110110011100001110110010000
00110101010000001011010110101101
11011100001010101010100100110100
00010101100100001010010011000010
00000110100110000011001000001010
00010101001101011010010001011000
10110100101010011111010111110001
