10100111011010101000111110010101
00000011000110100010111100000111
00111011111100110111100010110001
10101111111100101101110101111111
00001100001111111100110100101100
00010110011110110000110100111011
01100011000101101000000111011111
00001101000100010101000111101111
00110101100101111100100101110111
01111111011100000101000111111111
00001000011111001001110010111101
00010110000100000011010100101110
01001001010011101000111101001011
00000101010110011100001101111101
00011111011111001001001011011110
11010001000110111111101000000101
00001101010000010101001001010111
00111001111100101000000111001010
01010010101001100011000010100101
00001011011111101000111011000101
00011110110011000111110110101110
10000010010001110000110010001110
00000110101110111110100111111010
00000000001000100110000111111011
11111000011100101110100010010011
00000011111101000000000100001111
00101010000111001011010001111111
11000001101110111111011011111000
00001011100000001100110110100011
00000010100111000111101110101110
11000000100100010100110011110101
00000001001100101110000101010111
00011100011001001000111111011100
00100101110001110110101110011010
00001011010111000010000100001001
00111010110101001011001000111110
11100000010001100101011101010000
00001011101101100010110101100000
00111110100000111100000110001111
00101011010010001100001000001101
00000000110101010100100100000100
00000111001100110101001101111101
10100111100000010010100110101101
00000110111110010101001101110111
00101100111010000100011111111101
11110000100010001101011011011111
00001000011010100010010100111101
00000100001010101100110000011111
10010111111100011011100100101101
00000011011011111101010100110101
00011100100110011000100111010110
10010110111111101010000000000001
00000101110110010111010111100110
00000100011111111010101000111101
10001011110000011000110110101111
00001010010010101011110001001110
00110011010010110001000001101110
10101111100110000100111001111101
00000100111110111111110001110101
00010001011001001010000110011111
00011010100011101000000000001110
00000011111100011111010110101010
00001100010101111110100001101011
01001101110010100000100100111100
00000001011101111010111001110001
00010011001100101101000101110111
11100110100100111010100110110101
00000111100011011000111011110111
00011100110011101101001100111101
10111011011001110000011000111110
00001100000100100111101110111011
00101101000101000100111100100100
00011001010001000011110110111111
00001000101011001110100111101111
00000000100010100110110011111101
11011000100101001100011000101111
00000000000010001000110111101111
00001100011000100100111011101111
11101100110111001100100001100101
00001001001001100010111011110101
00010101001011000001110010001010
11101010000010111101010010101111
00000000001000011111000001111110
00110111100010101100110000101110
10101111111100111100111101101000
00001000101101100011110110110011
00000011000000111011110010100000
10011001001010111000000001101101
00000010001011101010001010110111
00110101110111100111000111101111
10010000011100010100001010001100
00000010100010010010111111100010
00101101010110000100110101101001
00110111011001010011000110111101
00000000001001010011011100110111
00010100011000010111101111111110
11010111100110100111010001000100
00001010010001111011110100110011
00001101111011110000100111010111
10100111100010110001101111110010
00001010110001111011000011101001
00100000001101110100111010011110
10001010110011101000110111110100
00001011000100001010100011110011
00001011001100110111000100011111
01011010111111101101000100101100
00001001101110001111101100110001
00110001111010011011101001010111
10111000011101001100110011101110
00001011110100000111101101111001
00100110101011010100101101100111
11101100111010110000000001001101
00001111100001011011011111010100
00111101011010011101010010101101
10010010010001011001101000010000
00001101000001001111110000010001
00101110111110001101010110011111
00100111111011010000110000111100
00001001000100101010000011100001
00101101011011110110011111001111
10000100010101011111011010101110
00000101101111010001010001111001
00011110000001101000011110110110
10010101110011000000101011101001
00000110001111001111000100110111
00101010011110001101010101111111
11010000110111110011011101111001
00000111101000000010110011100110
00110101000010100101001011101111
00011100110000111000011111101100
00000110101100110001010110010011
00101111011010001010000111111111
00110001101111110011111011101010
00000111000001000010000111011010
00100010000101000011110101101000
11000000001010001001010110011111
00001010101100010010000101011111
00111001010010111000111001110111
00100111001110001010001110011101
00000000000010010011011110110101
00110110000100100111010010010111
01111000010011000000010001011101
00000000010010001010011111100111
00100110001100011100101001111011
10101101110110001111010111100001
00000110101100001001001010000111
00110011000001000010100100010101
01101010001000100101010110101100
00001101011101101011000111110001
00101001111000000001000110111011
01011100100100111001101111000100
00000110000110011010011100010011
00011100110101000100011001110101
00101101010010110000110110011110
00000110000000100101111100111000
00001101110111001111000011101111
01000111001101001111011011011101
00000000011110011000010110110111
00110111001001111110000011101110
01101010011100101110100101101101
00000011110110100111101111110111
00101100010101011011101000011111
11100111011101111110010101011001
00000101001001000000100101110111
00101001100101111000100011011011
10001111011110101100100000010110
00001001110011100011101111111011
00100101000111000010010111111111
01110111001101111001000111101010
00000001111010001001111110101010
00100101010001011001111001100111
01011010101011100011110011001101
00001000000110110011111100000111
00001001001011101011000101111111
01010101000110000100010000101101
00000001000010010111000110110101
00111010101010101011001011010111
10110011110001010010011011000000
00001000011000011100011100100011
00001111101000000000011011111111
11000000101111010010000010101101
00001100110011101001110011110101
00100110101001111110011001111111
10001010011110101101010011101100
00001010111111010000100110110010
00000101001000011110110000110101
11110011011000000000111011001101
00001111100010100000000000110100
